Time	normal	yingdui200	yingdui50	lianggeqianzhui	5ge	3ge	1ge	9ge
1	0.884876543	0.884876543	0.884876543	0.886419753	0.877525253	0.894871795	0.88962963	0.871428571
2	0.965432099	0.965432099	0.965432099	0.988888889	0.990909091	0.976068376	0.979259259	0.971428571
3	0.988888889	0.988888889	0.988888889	0.977777778	0.980808081	0.982905983	0.972592593	1
4	0.998765432	0.998765432	0.998765432	0.97654321	0.963636364	0.977777778	0.994074074	0.985714286
5	0.966666667	0.966666667	0.966666667	0.954320988	1	0.976068376	0.972592593	0.971428571
6	0.966666667	0.966666667	0.966666667	0.988888889	0.970707071	0.984615385	0.965925926	0.971428571
7	1	1	1	0.988888889	1	0.983760684	0.992592593	0.985714286
8	0.977777778	0.977777778	0.977777778	1.001234568	0.945454545	0.967307692	0.965185185	0.941269841
9	1.001234568	1.001234568	1.001234568	0.988888889	0.990909091	0.984615385	0.96	0.957142857
10	0.988888889	0.988888889	0.988888889	1	1.009090909	0.991452991	1.020740741	0.985714286
11	0.990123457	0.990123457	0.990123457	0.988888889	0.981818182	1	0.973333333	1
12	0.988888889	0.988888889	0.988888889	0.943209877	1.001010101	0.977777778	0.994074074	1.035714286
13	0.975308642	0.975308642	0.975308642	0.966666667	0.982828283	0.984615385	0.994074074	0.987301587
14	0.988888889	0.988888889	0.988888889	1	0.972727273	0.976923077	0.987407407	0.971428571
15	0.988888889	0.988888889	0.988888889	0.977777778	0.961616162	0.958119658	0.94962963	0.985714286
16	0.988888889	0.988888889	0.988888889	0.965432099	0.98989899	0.984615385	0.986666667	0.998015873
17	0.988888889	0.988888889	0.988888889	0.987654321	0.979545455	0.983760684	0.979259259	0.957142857
18	0.977777778	0.977777778	0.977777778	0.966666667	1	0.961538462	0.973333333	1
19	0.966666667	0.966666667	0.966666667	1.011111111	0.972727273	0.969230769	0.972592593	0.957142857
20	0.988888889	0.988888889	0.988888889	0.966666667	0.980808081	0.976923077	0.993333333	0.971428571
21	1.001234568	1.001234568	1.001234568	0.977777778	0.981818182	0.976923077	0.971111111	0.957142857
22	0.977777778	0.977777778	0.977777778	0.977777778	0.981818182	0.984615385	0.986666667	1.014285714
23	0.997530864	0.997530864	0.997530864	0.965432099	0.97979798	0.976068376	0.971851852	0.955555556
24	0.965432099	0.965432099	0.965432099	1.012345679	0.957828283	1.001923077	0.981666667	0.985714286
25	0.977777778	0.977777778	0.977777778	0.930864198	0.972727273	0.969230769	0.986666667	0.914285714
26	1	1	1	0.987654321	0.981818182	1.016239316	1	0.941269841
27	0.988888889	0.988888889	0.988888889	1	1.02020202	0.976068376	1.007407407	0.985714286
28	0.988888889	0.988888889	0.988888889	1	0.955555556	0.985470085	0.981481481	0.971428571
29	1.012345679	1.012345679	1.012345679	0.973765432	0.972727273	0.953846154	0.952592593	0.942857143
30	0.964197531	0.964197531	0.964197531	0.977777778	0.963636364	1.008547009	1	1
31	1	1	1	0.988888889	1.001010101	0.984615385	0.993333333	1.014285714
32	0.977777778	0.977777778	0.977777778	0.966666667	0.942424242	0.967521368	0.965185185	0.957142857
33	1	1	1	0.975308642	1	0.992307692	0.993333333	0.985714286
34	0.977777778	0.977777778	0.977777778	1	0.963636364	0.952991453	0.952592593	1
35	1.012345679	1.012345679	1.012345679	0.965432099	0.963636364	0.961538462	0.953333333	1.053968254
36	0.955555556	0.955555556	0.955555556	0.955555556	0.972727273	0.976068376	0.985925926	0.957142857
37	0.966666667	0.966666667	0.966666667	0.966666667	0.970707071	0.984615385	1	1.03015873
38	1	1	1	0.988888889	0.970707071	0.991452991	0.987407407	0.971428571
39	0.977777778	0.977777778	0.977777778	0.965432099	1	1.009615385	0.99047619	0.971428571
40	0.977777778	0.977777778	0.977777778	0.988888889	0.981818182	0.969230769	0.993333333	0.96984127
41	1.02345679	1.02345679	1.02345679	0.988888889	0.988636364	0.984615385	0.971666667	0.985714286
42	0.964197531	0.964197531	0.964197531	1.011111111	0.980808081	0.958974359	0.979259259	1
43	0.964197531	0.964197531	0.964197531	0.941975309	0.98989899	1.000854701	0.993333333	0.985714286
44	0.966666667	0.966666667	0.966666667	0.977777778	1.001010101	0.976068376	0.985925926	0.971428571
45	0.988888889	0.988888889	0.988888889	0.988888889	0.954545455	0.976923077	0.98	1.001587302
46	0.977777778	0.977777778	0.977777778	1	0.981818182	0.969230769	0.953333333	0.971428571
47	1.012345679	1.012345679	1.012345679	0.97654321	0.980808081	0.976068376	0.993333333	0.957142857
48	0.97654321	0.97654321	0.97654321	0.97654321	0.998989899	0.992307692	0.986666667	0.96984127
49	0.988888889	0.988888889	0.988888889	1.012345679	0.993181818	0.986538462	0.98	0.942857143
50	1.013888889	1.013888889	1.013888889	0.988888889	0.980808081	0.984615385	0.986666667	0.998412698
51	0.955555556	0.955555556	0.955555556	0.988888889	0.955555556	0.969230769	0.947407407	0.982142857
52	1	1	1	1	0.952525253	0.962606838	0.965185185	0.985714286
53	1	1	1	0.975	0.972727273	0.983760684	0.972592593	0.96984127
54	0.988888889	0.988888889	0.988888889	1.02345679	1	0.999145299	0.993333333	0.96984127
55	0.97654321	0.97654321	0.97654321	0.990123457	0.954545455	0.969230769	0.973333333	0.957142857
56	0.965432099	0.965432099	0.965432099	1.001234568	0.991919192	0.962393162	0.994074074	0.984126984
57	0.955555556	0.955555556	0.955555556	0.988888889	1.002272727	0.991452991	1.006666667	0.985714286
58	0.988888889	0.988888889	0.988888889	0.941975309	0.963636364	0.968376068	0.951851852	0.985714286
59	0.988888889	0.988888889	0.988888889	1	0.972727273	0.992307692	0.993333333	0.955555556
60	0.977777778	0.977777778	0.977777778	0.966666667	1.01010101	0.994230769	1.015740741	0.957142857
61	0.988888889	0.988888889	0.988888889	1	0.981818182	1	0.972592593	0.971428571
62	1	1	1	1.012345679	0.980808081	0.969230769	0.972592593	0.985714286
63	1.001234568	1.001234568	1.001234568	0.966666667	1.01010101	0.976923077	0.994074074	0.971428571
64	1.012345679	1.012345679	1.012345679	0.977777778	0.972727273	0.991452991	0.974259259	0.967857143
65	0.977777778	0.977777778	0.977777778	0.988888889	1.009090909	0.991452991	0.972592593	1
66	0.991666667	0.991666667	0.991666667	0.988888889	0.972727273	0.967521368	0.985925926	0.984126984
67	1	1	1	1.011111111	0.981818182	0.992307692	0.986666667	0.985714286
68	0.966666667	0.966666667	0.966666667	0.977777778	0.961616162	0.942735043	0.951111111	0.957142857
69	0.977777778	0.977777778	0.977777778	0.966666667	0.998989899	0.991452991	0.992592593	1.001587302
70	0.966666667	0.966666667	0.966666667	0.933333333	1.037373737	1.007692308	1.013333333	0.984126984
71	0.977777778	0.977777778	0.977777778	1	0.953535354	0.983760684	0.993333333	0.971428571
72	0.990123457	0.990123457	0.990123457	0.954320988	0.972727273	0.977777778	0.966666667	0.971428571
73	0.965432099	0.965432099	0.965432099	0.988888889	0.982828283	0.976923077	0.972592593	0.985714286
74	0.977777778	0.977777778	0.977777778	1	0.981818182	0.969230769	0.958333333	0.985714286
75	0.964197531	0.964197531	0.964197531	0.943209877	0.980808081	0.975213675	1	1
76	0.977777778	0.977777778	0.977777778	0.977777778	1	1.015384615	0.993333333	1.014285714
77	0.990123457	0.990123457	0.990123457	0.988888889	0.981818182	0.984615385	0.985925926	0.985714286
78	0.990123457	0.990123457	0.990123457	1.011111111	0.990909091	0.978846154	0.985925926	0.985714286
79	0.990123457	0.990123457	0.990123457	0.966666667	0.962626263	0.958760684	0.966666667	0.971428571
80	0.966666667	0.966666667	0.966666667	0.991666667	0.972727273	0.976068376	0.966666667	1
81	0.971428571	0.971428571	0.971428571	0.982539683	0.990909091	0.991452991	0.993333333	1
82	0.977777778	0.977777778	0.977777778	0.977777778	1	0.976923077	0.98	1.014285714
83	0.966666667	0.966666667	0.966666667	0.955555556	1	1	0.986666667	0.957142857
84	0.988888889	0.988888889	0.988888889	1	0.972727273	0.977777778	0.980740741	1
85	0.988888889	0.988888889	0.988888889	0.965432099	1.017171717	1.026373626	0.992592593	0.984126984
86	1	1	1	0.998765432	0.963636364	0.953846154	0.986666667	0.984126984
87	1.011111111	1.011111111	1.011111111	0.988888889	0.972727273	0.976068376	0.979259259	0.985714286
88	0.977777778	0.977777778	0.977777778	0.965432099	0.990909091	0.984615385	1.007407407	1.03015873
89	1.022222222	1.022222222	1.022222222	1.011111111	0.963636364	0.976068376	0.965925926	0.957142857
90	0.943209877	0.943209877	0.943209877	0.988888889	1.001010101	0.968376068	0.993333333	1.014285714
91	0.988888889	0.988888889	0.988888889	0.977777778	0.990909091	0.992307692	1.008148148	0.957142857
92	0.97654321	0.97654321	0.97654321	0.97654321	0.981818182	0.969230769	0.945925926	0.985714286
93	1	1	1	1	0.972727273	0.969230769	0.973333333	0.985714286
94	0.988888889	0.988888889	0.988888889	0.988888889	0.97979798	0.982905983	0.972592593	0.971428571
95	0.955555556	0.955555556	0.955555556	0.977777778	0.982828283	0.992307692	0.98	0.971428571
96	0.966666667	0.966666667	0.966666667	0.977777778	1.01010101	0.967521368	0.994074074	1.015873016
97	0.988888889	0.988888889	0.988888889	0.966666667	0.963636364	0.984615385	0.98	0.985714286
98	0.987654321	0.987654321	0.987654321	1.012345679	0.988636364	0.967307692	0.971666667	0.985714286
99	0.988888889	0.988888889	0.988888889	1	0.972727273	1	0.986666667	0.985714286
100	0.988888889	0.988888889	0.988888889	0.977777778	0.943434343	0.935042735	0.971666667	0.984126984
101	0.990123457	0.990123457	0.990123457	1.013580247	0.991919192	0.984615385	0.973333333	0.958730159
102	0.966666667	0.966666667	0.966666667	0.966666667	1	0.976923077	0.98	0.971428571
103	1.012345679	1.012345679	1.012345679	0.988888889	0.917171717	0.976923077	0.96	0.985714286
104	0.956790123	0.956790123	0.956790123	1.001234568	0.972727273	0.993162393	0.98	0.985714286
105	0.977777778	0.977777778	0.977777778	0.987654321	1	0.976923077	0.986666667	0.985714286
106	1	1	1	1	0.980808081	1	0.986666667	1.014285714
107	0.988888889	0.988888889	0.988888889	0.988888889	1	0.992307692	1	0.957142857
108	0.965432099	0.965432099	0.965432099	0.977777778	0.945454545	0.969230769	0.96	0.971428571
109	0.966666667	0.966666667	0.966666667	1	0.98989899	0.968376068	0.98	0.985714286
110	0.977777778	0.977777778	0.977777778	0.966666667	0.962626263	0.992307692	0.986666667	0.935714286
111	0.988888889	0.988888889	0.988888889	0.977777778	0.980808081	0.983760684	0.965925926	1
112	0.998765432	0.998765432	0.998765432	0.988888889	0.990909091	1	1.006666667	0.968253968
113	0.966666667	0.966666667	0.966666667	0.988888889	1	0.983760684	0.972592593	0.971428571
114	1.001234568	1.001234568	1.001234568	0.966666667	0.990909091	0.976068376	0.98	0.971428571
115	1	1	1	1	0.970454545	0.990384615	0.978333333	1
116	0.977777778	0.977777778	0.977777778	1.011111111	0.992929293	0.960683761	1.006666667	1.015873016
117	0.988888889	0.988888889	0.988888889	0.97654321	0.926262626	0.952136752	0.937777778	0.967857143
118	0.966666667	0.966666667	0.966666667	0.977777778	1	1	1.007407407	1
119	1	1	1	0.977777778	0.972727273	0.983760684	0.973333333	0.971428571
120	0.975308642	0.975308642	0.975308642	0.987654321	1.001010101	0.986538462	0.995740741	0.971428571
121	0.677777778	0.677777778	0.844444444	0.744444444	0.786868687	0.907692308	0.94	0.633333333
122	0.665432099	0.830864198	0.679012346	0.759259259	0.909090909	0.928846154	0.951666667	0.671428571
123	0.466666667	0.965432099	0.975308642	0.858024691	1.019191919	0.992307692	0.993333333	0.928571429
124	0.677777778	1.001234568	0.990123457	0.941975309	0.990909091	0.984615385	0.986666667	1.028571429
125	0.163888889	0.977777778	0.965432099	0.92345679	0.945454545	0.937606838	0.945925926	0.926984127
126	0.655555556	0.964197531	0.988888889	0.965432099	0.952525253	0.984615385	0.993333333	0.985714286
127	0.335802469	0.977777778	0.97654321	1.002777778	0.990909091	0.984615385	0.979259259	0.967857143
128	0.655555556	0.977777778	0.977777778	0.9	0.990909091	0.993162393	0.98	0.957142857
129	0.7	1.015123457	0.990123457	0.95308642	0.963636364	0.983760684	0.98	0.941269841
130	0.667901235	0.988888889	0.977777778	0.922222222	1.011111111	0.992307692	0.994074074	0.985714286
131	0.522222222	0.966666667	1.009876543	0.941975309	0.981818182	0.992307692	1.02	1
132	0.455555556	1.001234568	0.97654321	0.966666667	0.982828283	1.008547009	0.959259259	1.014285714
133	0.311111111	0.965432099	0.95308642	0.933333333	0.972727273	0.985470085	0.994074074	0.987301587
134	0.277777778	0.955555556	0.955555556	0.965432099	0.981818182	0.985470085	0.973333333	0.971428571
135	0.733333333	0.988888889	1.011111111	0.966666667	0.980808081	0.976068376	0.994074074	0.985714286
136	0.655555556	1.011111111	1	0.988888889	0.963636364	0.984615385	0.986666667	0.971428571
137	0.677777778	0.977777778	0.977777778	0.977777778	0.990909091	1.001923077	1.009074074	0.985714286
138	0.612345679	1.012345679	1.024691358	0.975308642	0.990909091	0.960683761	0.952592593	0.957142857
139	0.444444444	0.955555556	0.944444444	0.97654321	0.980808081	0.976068376	0.98	0.971428571
140	0.267901235	0.97654321	0.987654321	0.988888889	0.990909091	0.968376068	0.98	1
141	0.233333333	1	1	0.961728395	0.973737374	0.993162393	0.972592593	0.984126984
142	0.255555556	1	1.022222222	0.988888889	0.972727273	0.952991453	0.986666667	1
143	0.391358025	0.966666667	0.966666667	0.933333333	0.990909091	0.992307692	0.98	0.984126984
144	0.680246914	0.988888889	0.977777778	0.9	0.963636364	0.968376068	0.978518519	0.985714286
145	0.566666667	0.966666667	0.955555556	0.988888889	0.981818182	0.990384615	0.992592593	1
146	0.7	0.977777778	0.988888889	1	0.980808081	0.974358974	0.994074074	1
147	0.588888889	0.987654321	0.977777778	0.963888889	1.009090909	0.984615385	0.98	0.955555556
148	0.160493827	0.988888889	0.988888889	0.897530864	0.962626263	0.992307692	0.986666667	0.985714286
149	0.055555556	0.97654321	0.97654321	1.001234568	0.980808081	0.943589744	0.973333333	0.971428571
150	0.055555556	0.988888889	0.988888889	0.955555556	1.002272727	1.008547009	0.985925926	1
151	0.4	0.97654321	0.988888889	0.874074074	0.981818182	0.975213675	0.971851852	0.985714286
152	0.469135802	0.988888889	0.964197531	0.944444444	0.98989899	0.976068376	1.005925926	1
153	0.655555556	1	1	0.951851852	0.972727273	0.993162393	0.958518519	0.957142857
154	0.666666667	0.977777778	0.977777778	0.977777778	0.972727273	0.984615385	0.993333333	0.971428571
155	0.666666667	0.97654321	0.988888889	0.988888889	0.945454545	0.968376068	0.986666667	1.001587302
156	0.588888889	0.977777778	1.002469136	0.988888889	1	0.961538462	0.971111111	0.971428571
157	0.233333333	1	0.97654321	0.909876543	0.981818182	0.992307692	0.98	1
158	0.033333333	1.011111111	1	0.944444444	0.990909091	0.976068376	0.972592593	1.014285714
159	0.055555556	0.977777778	1	0.966666667	1	1	1.006666667	0.971428571
160	0.088888889	0.977777778	0.988888889	0.977777778	0.972727273	0.993162393	1.001481481	1.015873016
161	0.260493827	1	0.977777778	0.954320988	0.981818182	0.983760684	0.96	0.968253968
162	0.688888889	0.988888889	0.987654321	0.940740741	0.990909091	0.984615385	1.000740741	0.985714286
163	0.655555556	0.988888889	0.988888889	0.966666667	1.01010101	0.992307692	0.965925926	0.971428571
164	0.555555556	0.988888889	1.012345679	0.975308642	0.988888889	0.984615385	0.978518519	1
165	0.322222222	0.988888889	0.97654321	0.944444444	0.972727273	1.007692308	0.98	0.985714286
166	0.12962963	1.015873016	0.987654321	0.932098765	0.972727273	0.977777778	1.000740741	0.985714286
167	0.034567901	0.943209877	0.966666667	0.966666667	0.935353535	0.984615385	0.972592593	0.968253968
168	0.432098765	1	1.012345679	0.944444444	1.001010101	0.973626374	0.986666667	1
169	0.455555556	0.977777778	0.988888889	0.966666667	0.981818182	1.008547009	1.006666667	0.955555556
170	0.477777778	0.977777778	0.977777778	0.92962963	0.972727273	0.946153846	0.966666667	0.941269841
171	0.745679012	0.988888889	1	0.932098765	0.990909091	0.969230769	0.966666667	0.985714286
172	0.643209877	0.988888889	0.977777778	0.977777778	0.962626263	0.992307692	0.979259259	1.014285714
173	0.677777778	0.988888889	0.988888889	0.988888889	0.991919192	0.976923077	0.987407407	0.975
174	0.422222222	0.990432099	1	0.955555556	0.972727273	0.953846154	0.953333333	0.971428571
175	0	0.988888889	0.977777778	0.933333333	1.01010101	0.984615385	0.993333333	1
176	0	1.001234568	0.977777778	0.967901235	0.945454545	0.976923077	0.98	0.957142857
177	0.033333333	0.939197531	0.987654321	0.977777778	0.98989899	0.985470085	1	1.001587302
178	0.138271605	0.988888889	0.988888889	0.965432099	0.990909091	1	0.974074074	0.942857143
179	0.633333333	0.988888889	0.977777778	0.941975309	0.982828283	0.976923077	0.986666667	0.971428571
180	0.7	0.977777778	1	0.988888889	0.990909091	0.985470085	0.986666667	0.985714286
181	0.655555556	0.97654321	0.977777778	0.955555556	0.981818182	0.984615385	0.98	1
182	0.655555556	1	1.02345679	0.955555556	0.990909091	0.984615385	0.993333333	0.971428571
183	0.477777778	1	0.966666667	0.933333333	0.980808081	0.979945055	0.964259259	0.96984127
184	0	0.988888889	0.987654321	0.965432099	0.979545455	0.968376068	0.978333333	0.998412698
185	0.033333333	0.95308642	1	1.034567901	1.001262626	1.001068376	1.000925926	0.985714286
186	0.133333333	1.035802469	0.967901235	0.932098765	0.982828283	0.938461538	0.939259259	1
187	0.144444444	0.955555556	0.955555556	0.988888889	0.972727273	1	0.992592593	0.957142857
188	0.355555556	0.988888889	0.977777778	1	0.981818182	0.992307692	0.959259259	0.928571429
189	0.77654321	0.967901235	0.97654321	0.998765432	0.963636364	0.978846154	0.955	1
190	0.722222222	0.988888889	0.991666667	0.965432099	0.981818182	0.984615385	1	0.985714286
191	0.666666667	0.988888889	0.988888889	0.862962963	1	0.984615385	0.978518519	0.985714286
192	0.588888889	0.966666667	0.966666667	0.988888889	0.970707071	0.977777778	0.985925926	1
193	0.445987654	1.011111111	1.024691358	0.944444444	0.981818182	0.968376068	0.965925926	1.014285714
194	0.034567901	1.001234568	0.97654321	0.977777778	0.991919192	0.975213675	0.987407407	0.955555556
195	0.044444444	0.979012346	0.977777778	0.930864198	0.990909091	0.976923077	0.986666667	1.015873016
196	0.1	0.954320988	0.943209877	0.966666667	1.001010101	0.967521368	0.971851852	0.985714286
197	0.244444444	0.944444444	0.964197531	0.952777778	0.972727273	0.968376068	0.972592593	0.985714286
198	0.432098765	1	1.011111111	0.97654321	0.971717172	0.952136752	0.959259259	0.944444444
199	0.688888889	1	0.977777778	0.943209877	0.980808081	0.992307692	1.006666667	0.955555556
200	0.655555556	0.97654321	0.988888889	0.977777778	1	0.976923077	0.978518519	0.985714286
201	0.443209877	0.988888889	0.988888889	1.001234568	0.990909091	1.003296703	0.98	1.014285714
202	0.055555556	1	1.011111111	1	1.002272727	1	0.985925926	0.941269841
203	0.012345679	1.011111111	1	0.987654321	0.990909091	0.993162393	1.015555556	1.015873016
204	0.034567901	0.97654321	0.97654321	0.965432099	1.01010101	0.992307692	0.986666667	0.971428571
205	0.266666667	0.977777778	1.022222222	0.966666667	0.980808081	0.992307692	0.965925926	1.001587302
206	0.555555556	0.988888889	0.966666667	0.955555556	0.981818182	0.983760684	1.002857143	1.001587302
207	0.688888889	1	1	0.988888889	0.990909091	0.976923077	0.973333333	0.971428571
208	0.677777778	0.987654321	0.988888889	0.990123457	0.969444444	0.983760684	0.993333333	0.985714286
209	0.65308642	0.988888889	0.97654321	0.955555556	1.009090909	1.008547009	0.98	1
210	0.451851852	0.988888889	1.011111111	0.954320988	0.961363636	0.977777778	1.007407407	0.941269841
211	0.4	1.012345679	0.97654321	0.966666667	1.018181818	1.007692308	0.985925926	0.985714286
212	0.140740741	0.95308642	0.97654321	0.977777778	0.963636364	0.968376068	0.98	0.985714286
213	0.172839506	0.97654321	0.95308642	0.930864198	0.98989899	0.976923077	0.979259259	1
214	0.503703704	0.966666667	0.966666667	0.877777778	0.990909091	0.992307692	0.993333333	1
215	0.564197531	0.955555556	0.977777778	0.952777778	0.980808081	0.976068376	0.979259259	0.985714286
216	0.688888889	0.975308642	0.975308642	0.941975309	0.981818182	0.961538462	0.981666667	1
217	0.688888889	0.977777778	0.966666667	0.977777778	0.990909091	1	0.986666667	0.971428571
218	0.5	0.987654321	0.975308642	0.977777778	0.98989899	0.984615385	0.980740741	0.984126984
219	0.444444444	0.965432099	0.97654321	0.977777778	0.981818182	1	0.992592593	1
220	0.377777778	0.988888889	0.97654321	0.97654321	1.01010101	1	0.98	0.968253968
221	0.045679012	0.988888889	1.002777778	0.97654321	1.002020202	0.976923077	0.98	0.984126984
222	0.155555556	0.977777778	0.977777778	0.943209877	0.964646465	1.022222222	0.986666667	0.96984127
223	0.166666667	0.988888889	0.977777778	0.965432099	0.990909091	0.951282051	0.972592593	0.941269841
224	0.277777778	0.988888889	1	0.977777778	1	1.009401709	1.007407407	1.012698413
225	0.555555556	0.977777778	0.977777778	0.966666667	0.954545455	0.960683761	0.965925926	0.96984127
226	0.666666667	0.988888889	0.977777778	1.001234568	0.981818182	0.991452991	0.95037037	1
227	0.444444444	0.97654321	0.965432099	0.944444444	1	1.000854701	0.98	0.985714286
228	0.444444444	1	1	0.943209877	0.990909091	0.968376068	0.986666667	0.985714286
229	0.155555556	1.001234568	1	0.922222222	0.980808081	0.983760684	1.006666667	1
230	0.211111111	0.97654321	0.966666667	0.966666667	1	0.992307692	0.985925926	0.985714286
231	0.256790123	0.966666667	0.977777778	0.933333333	0.972727273	0.976923077	0.986666667	1
232	0.222222222	0.966666667	0.977777778	0.944444444	1.011111111	0.976923077	0.986666667	0.941269841
233	0.733333333	1	1	0.955555556	0.963636364	0.983760684	0.992592593	1
234	0.677777778	0.97654321	0.966666667	0.888888889	0.981818182	0.967307692	0.972592593	1.014285714
235	0.677777778	0.977777778	0.988888889	0.940740741	0.971717172	1.017307692	1.021666667	0.985714286
236	0.488888889	1	0.988888889	1.012345679	0.977922078	0.967857143	0.956402116	0.971428571
237	0.071604938	1.011111111	0.987654321	0.980555556	0.98989899	1	0.985925926	1
238	0.011111111	0.977777778	0.988888889	0.888888889	0.990909091	0.983760684	0.972592593	0.985714286
239	0	1	0.988888889	0.977777778	0.953535354	0.968376068	0.986666667	1.014285714
240	0.112345679	0.988888889	0.987654321	0.9	1.001010101	0.984615385	1.02	0.985714286
241	0.820987654	0.991666667	0.988888889	1.011111111	0.973737374	0.994749695	0.957777778	0.952380952
242	1	0.988888889	0.988888889	0.958888889	0.998989899	0.993162393	0.973333333	0.985714286
243	1.011111111	0.987654321	1	0.97	0.952272727	0.953846154	0.98	1.017857143
244	0.977777778	0.988888889	1.002777778	0.972777778	0.978535354	0.976923077	0.993333333	0.985714286
245	1	0.977777778	0.97654321	0.94654321	0.97979798	0.983760684	0.98	0.973412698
246	0.97654321	0.988888889	1.011111111	0.981111111	0.981818182	0.984615385	0.987407407	0.942857143
247	1.012345679	0.988888889	0.955555556	0.925555556	1.002272727	1	0.987407407	0.942857143
248	0.977777778	0.987654321	1.011111111	0.981111111	0.963636364	0.992307692	0.980740741	0.985714286
249	1.011111111	0.990123457	0.97654321	0.94654321	0.971717172	0.960683761	0.971851852	0.971428571
250	1	0.954320988	0.966666667	0.936666667	1.017171717	1	0.98	1.015873016
251	0.955555556	1.002777778	0.97654321	0.94654321	0.918181818	0.952136752	0.973333333	0.928571429
252	0.954320988	0.97654321	1	0.97	0.972727273	0.976923077	0.988333333	0.985714286
253	1	0.966666667	0.965432099	0.935432099	1.01010101	1.009615385	1.006666667	0.96984127
254	1	0.977777778	0.966666667	0.936666667	0.970707071	0.969230769	0.972592593	0.971428571
255	0.977777778	1.001234568	0.988888889	0.958888889	0.980808081	0.951282051	0.973333333	0.955555556
256	0.988888889	0.95308642	0.977777778	0.947777778	1.01010101	0.984615385	0.993333333	0.985714286
257	0.979012346	0.988888889	0.988888889	0.958888889	0.951515152	0.944444444	0.972592593	0.971428571
258	0.979012346	0.977777778	1.009876543	0.979876543	0.962626263	0.975	0.98	1
259	0.933333333	0.988888889	0.979320988	0.949320988	0.981818182	0.984615385	0.986666667	0.971428571
260	0.97654321	0.964197531	0.97654321	0.94654321	0.98989899	0.991452991	1.000740741	1
261	0.988888889	0.966666667	0.977777778	0.947777778	0.981818182	0.983760684	0.985925926	0.985714286
262	0.975308642	0.988888889	0.966666667	0.936666667	0.990909091	0.976068376	0.993333333	0.957142857
263	0.966666667	0.977777778	0.977777778	0.947777778	0.998989899	1.000854701	0.986666667	0.971428571
264	1.036111111	1	0.988888889	0.958888889	0.981818182	1	0.966666667	0.987301587
265	0.955555556	0.987654321	1	0.97	0.990909091	0.977777778	0.986666667	0.985714286
266	1.011111111	1.011111111	1.001234568	0.971234568	0.990909091	1	1	0.971428571
267	0.977777778	0.988888889	0.966666667	0.936666667	0.981818182	0.968376068	0.973333333	1.017857143
268	0.967901235	1.02345679	1.011111111	0.981111111	0.962626263	0.992307692	0.98	0.953968254
269	0.988888889	0.943209877	0.980555556	0.950555556	0.972727273	0.97008547	0.994074074	0.998015873
270	1.012345679	0.97654321	0.943209877	0.913209877	0.98989899	0.984615385	0.999259259	0.985714286
271	0.977777778	0.990123457	1.012345679	0.982345679	1.01010101	1	0.979259259	1.017857143
272	0.987654321	0.977777778	0.977777778	0.947777778	0.972727273	0.984615385	0.979259259	0.985714286
273	0.988888889	1.011111111	0.998765432	0.968765432	0.972727273	0.992307692	0.972592593	0.985714286
274	0.97654321	0.988888889	1	0.97	1.009090909	0.976923077	1.006666667	1.015873016
275	1.011111111	1	0.990123457	0.960123457	0.962626263	0.984615385	0.973333333	0.982142857
276	0.955555556	0.988888889	0.988888889	0.958888889	0.972727273	0.95982906	0.973518519	1.001587302
277	1	0.954320988	0.947222222	0.917222222	0.963636364	0.984615385	0.993333333	0.941269841
278	0.988888889	0.998765432	0.988888889	0.958888889	0.981818182	0.984615385	0.980740741	1.001587302
279	1.011111111	1.001234568	1	0.97	1	0.983760684	0.965	0.971428571
280	1.013888889	0.97654321	0.977777778	0.947777778	0.971717172	0.993162393	1.008888889	1
281	0.987654321	0.955555556	0.966666667	0.936666667	0.954545455	0.952136752	0.945185185	0.971428571
282	0.977777778	0.988888889	0.977777778	0.947777778	0.980808081	1	0.993333333	1
283	0.988888889	0.988888889	1	0.97	0.981818182	0.984615385	0.98	0.955555556
284	0.998765432	0.988888889	1.011111111	0.981111111	1	0.961538462	0.992592593	1.015873016
285	0.966666667	0.977777778	0.955555556	0.925555556	0.945454545	0.967521368	0.973333333	0.957142857
286	0.988888889	0.988888889	0.977777778	0.947777778	1.001010101	0.992307692	0.971851852	0.971428571
287	0.987654321	0.988888889	1.011111111	0.981111111	0.990909091	0.984615385	1.006666667	1
288	0.988888889	0.965432099	0.977777778	0.947777778	1	0.992307692	0.96	0.971428571
289	1.013888889	1.012345679	0.998765432	0.968765432	0.980808081	0.967521368	0.973333333	1
290	0.954320988	0.966666667	0.988888889	0.958888889	0.997727273	0.982905983	0.985185185	1.014285714
291	1	0.988888889	0.977777778	0.947777778	0.944444444	0.984615385	0.986666667	0.928571429
292	1.026234568	0.988888889	1.02345679	0.99345679	0.990909091	0.992307692	0.985925926	0.982142857
293	0.95308642	0.97654321	0.954320988	0.924320988	0.972727273	0.984615385	0.987407407	0.957142857
294	0.977777778	0.976234568	0.993650794	0.963650794	0.990909091	0.991452991	0.98	0.985714286
295	0.990123457	0.977777778	0.988888889	0.958888889	1	0.984615385	0.985925926	0.957142857
296	0.97654321	1.001234568	0.988888889	0.958888889	0.962626263	0.953846154	0.965925926	1.001587302
297	0.988888889	0.97654321	0.977777778	0.947777778	0.981818182	0.976923077	0.993333333	0.957142857
298	0.943209877	0.990123457	1.001234568	0.971234568	1.01010101	1.008547009	1.000740741	0.985714286
299	0.979012346	0.988888889	0.977777778	0.947777778	0.990909091	0.992307692	0.986666667	0.985714286
