0.884876543209877
0.965432098765432
0.988888888888889
0.998765432098765
0.966666666666667
0.966666666666667
1
0.977777777777778
1.00123456790123
0.988888888888889
0.990123456790123
0.988888888888889
0.975308641975309
0.988888888888889
0.988888888888889
0.988888888888889
0.988888888888889
0.977777777777778
0.966666666666667
0.988888888888889
1.00123456790123
0.977777777777778
0.997530864197531
0.965432098765432
0.977777777777778
1
0.988888888888889
0.988888888888889
1.01234567901235
0.964197530864198
1
0.977777777777778
1
0.977777777777778
1.01234567901235
0.955555555555556
0.966666666666667
1
0.977777777777778
0.977777777777778
1.02345679012346
0.964197530864198
0.964197530864198
0.966666666666667
0.988888888888889
0.977777777777778
1.01234567901235
0.976543209876543
0.988888888888889
1.01388888888889
0.955555555555556
1
1
0.988888888888889
0.976543209876543
0.965432098765432
0.955555555555556
0.988888888888889
0.988888888888889
0.977777777777778
0.988888888888889
1
1.00123456790123
1.01234567901235
0.977777777777778
0.991666666666667
1
0.966666666666667
0.977777777777778
0.966666666666667
0.977777777777778
0.990123456790123
0.965432098765432
0.977777777777778
0.964197530864198
0.977777777777778
0.990123456790123
0.990123456790123
0.990123456790123
0.966666666666667
0.971428571428571
0.977777777777778
0.966666666666667
0.988888888888889
0.988888888888889
1
1.01111111111111
0.977777777777778
1.02222222222222
0.94320987654321
0.988888888888889
0.976543209876543
1
0.988888888888889
0.955555555555556
0.966666666666667
0.988888888888889
0.987654320987654
0.988888888888889
0.988888888888889
0.990123456790123
0.966666666666667
1.01234567901235
0.95679012345679
0.977777777777778
1
0.988888888888889
0.965432098765432
0.966666666666667
0.977777777777778
0.988888888888889
0.998765432098765
0.966666666666667
1.00123456790123
1
0.977777777777778
0.988888888888889
0.966666666666667
1
0.975308641975309
0.677777777777778
0.665432098765432
0.466666666666667
0.677777777777778
0.163888888888889
0.655555555555556
0.335802469135802
0.655555555555556
0.7
0.667901234567901
0.522222222222222
0.455555555555556
0.311111111111111
0.277777777777778
0.733333333333333
0.655555555555556
0.677777777777778
0.612345679012346
0.444444444444444
0.267901234567901
0.233333333333333
0.255555555555556
0.391358024691358
0.680246913580247
0.566666666666667
0.7
0.588888888888889
0.160493827160494
0.0555555555555556
0.0555555555555556
0.4
0.469135802469136
0.655555555555556
0.666666666666667
0.666666666666667
0.588888888888889
0.233333333333333
0.0333333333333333
0.0555555555555556
0.0888888888888889
0.260493827160494
0.688888888888889
0.655555555555556
0.555555555555556
0.322222222222222
0.12962962962963
0.0345679012345679
0.432098765432099
0.455555555555556
0.477777777777778
0.745679012345679
0.64320987654321
0.677777777777778
0.422222222222222
0
0
0.0333333333333333
0.138271604938272
0.633333333333333
0.7
0.655555555555556
0.655555555555556
0.477777777777778
0
0.0333333333333333
0.133333333333333
0.144444444444444
0.355555555555556
0.776543209876543
0.722222222222222
0.666666666666667
0.588888888888889
0.445987654320988
0.0345679012345679
0.0444444444444444
0.1
0.244444444444444
0.432098765432099
0.688888888888889
0.655555555555556
0.44320987654321
0.0555555555555556
0.0123456790123457
0.0345679012345679
0.266666666666667
0.555555555555556
0.688888888888889
0.677777777777778
0.653086419753086
0.451851851851852
0.4
0.140740740740741
0.172839506172839
0.503703703703704
0.564197530864198
0.688888888888889
0.688888888888889
0.5
0.444444444444444
0.377777777777778
0.045679012345679
0.155555555555556
0.166666666666667
0.277777777777778
0.555555555555556
0.666666666666667
0.444444444444444
0.444444444444444
0.155555555555556
0.211111111111111
0.25679012345679
0.222222222222222
0.733333333333333
0.677777777777778
0.677777777777778
0.488888888888889
0.0716049382716049
0.0111111111111111
0
0.112345679012346
0.820987654320988
1
1.01111111111111
0.977777777777778
1
0.976543209876543
1.01234567901235
0.977777777777778
1.01111111111111
1
0.955555555555556
0.954320987654321
1
1
0.977777777777778
0.988888888888889
0.979012345679012
0.979012345679012
0.933333333333333
0.976543209876543
0.988888888888889
0.975308641975309
0.966666666666667
1.03611111111111
0.955555555555556
1.01111111111111
0.977777777777778
0.967901234567901
0.988888888888889
1.01234567901235
0.977777777777778
0.987654320987654
0.988888888888889
0.976543209876543
1.01111111111111
0.955555555555556
1
0.988888888888889
1.01111111111111
1.01388888888889
0.987654320987654
0.977777777777778
0.988888888888889
0.998765432098765
0.966666666666667
0.988888888888889
0.987654320987654
0.988888888888889
1.01388888888889
0.954320987654321
1
1.02623456790123
0.953086419753086
0.977777777777778
0.990123456790123
0.976543209876543
0.988888888888889
0.94320987654321
0.979012345679012
